DYeeM08to15		92.15		0.893071694	4772549.624		4999994
DYeeM15to40		279.19		0.945799529	13895470.42		13980986
DYmumuM08to15		92.12		0.960298189	4977032.008		4996000
DYmumuM15to40		279.2		0.999654588	11510844.32		14960488
DYtautauM08to15		92.12		1		2489620.309		2499696
DYtautauM15to40		279.11		1		13704752.81		13828870
WW			20.90286	0.388		2489550.66		2499890
WZ			6.9673		0.96668		996210.5		999998
ZZ			1.5376		0.95088		243674.74		245000
WenuJetsBVeto		591.624		0.981554126	1719244.25		5659977
WenuNoJetsBVeto		11324.5		0.946929361	13179098.28		23588938
WenuWithB		154.374		0.129496439	4260058.061		14717449
WmunuJetsBVeto		513.117		0.905793003	1726755.472		5999888	
WmunuNoJetsBVeto	11404.8		0.943743915	11600960.24		20782761
WmunuWithB		154.429		0.133223309	4010756.4		13850964
WtaunuJetsBVeto		557.095		0.913648001	1776192.932		5999680
WtaunuNoJetsBVeto	11359.7		0.926932574	13316520.62		23844450
WtaunuWithB		154.374		0.188978183	4343529.568		14999453
Zee			1241.2072	0.151816307	203795455568148.0	50182160
Zmumu			1241.2072	0.124706551	225316022111048.0	96086594
Ztautau			1240.8988	0.921502294	31508540303680.9	14968269
stop_schan		1.817694	0.051100576	5972600.588		5999781
stop_tchan_antitop	9.95976		0.058425933	0.046283642		4944880
stop_tchan_top		18.39495	0.08947185	0.087147591		4994481
stop_wtchan		22.3014		0.636162836	996333.734		999692
ttbar_had		115.518854	1		9753687.763		9822240
ttbar_lep		137.29749	0.072212854	49761200.21		49973332
ZPrime400		4.2589		1		99711.94		100000
ZPrime500		3.925		1		99492.841		100000
ZPrime750		1.243		1		99473.46		100000
ZPrime1000		0.3937		1		99854.551		99999
ZPrime1250		0.1387		1		99847.67		100000
ZPrime1500		0.0524		1		99613.589		99999
ZPrime1750		0.0211		1		99471.892		99997
ZPrime2000		0.00894		1		99693.276		99900
ZPrime2250		0.00394		1		99618.188		100000
ZPrime2500		0.0018		1		99661.651		100000
ZPrime3000		0.000434	1		99104.295		99499

